10000 37684117
85430
57409
81908
6692
74320
60884
13607
71950
14012
10921
47644
62284
83587
97461
41709
40104
21848
62762
26188
18247
84936
90682
36300
45693
77596
13651
75047
51586
57989
53339
46364
28391
52823
53258
98689
17297
84556
71318
35134
49525
757
86575
30372
15717
66356
9263
96993
99800
83804
17635
10497
59419
7883
15759
95740
26530
44723
88357
71703
59374
97729
94570
26657
74851
79019
85681
96373
31044
46725
27163
72342
19192
11227
26360
68503
32975
47172
12672
29556
72340
33128
75467
23908
65474
17907
69580
73988
59367
28836
63413
72347
35897
93365
24544
96782
92722
64707
19592
7727
46117
21101
84343
90969
39239
6592
40316
50032
33134
14947
32287
77506
22905
60321
65194
96737
48190
84253
75478
57097
83615
55854
97679
37117
41580
47004
82327
7769
23129
59738
73786
83761
87108
28102
83602
97136
67698
64134
7205
27396
18305
97333
50836
95460
5613
44119
71602
93875
94362
5569
31238
53853
24180
56171
7995
55198
19809
45369
63205
36420
30314
98789
89975
21796
49751
25178
4911
49659
54469
86685
38355
40685
78540
11945
28129
46497
68979
2814
79964
99153
57887
72257
94453
84045
38364
14136
58721
44422
26023
91930
56720
88254
45673
29591
21572
95066
27539
18347
47459
45101
47134
60948
68073
16311
51976
89951
4364
54200
44842
39773
65757
89591
2859
4761
85312
48728
8431
22926
61405
55095
80832
70648
99874
16675
82781
77502
9509
2168
37934
90040
59596
63833
62865
43158
84699
12637
66794
65894
82016
4729
93073
44299
5281
76858
64811
43635
53217
8421
74404
73780
81257
48722
52092
10365
60406
34389
76505
91734
90395
41082
88792
47125
6553
74849
40615
94976
63538
69270
2292
92173
1175
45822
52023
33523
64291
84889
11157
31234
56413
8909
80402
45418
22548
39839
65065
38721
74680
89816
69188
46843
10984
37138
47874
95921
66968
79290
18690
86016
99794
77502
59449
39038
43576
82577
19172
80184
52049
52268
66574
41310
2190
1618
56383
68574
69207
53330
87985
52478
17472
15310
49929
22356
85374
72848
5616
94762
78602
2148
33109
31748
52322
94026
11340
41791
48305
85189
87943
42461
58082
64128
74994
49325
18702
92917
568
55997
68293
66383
52315
34989
84632
82365
25661
67526
27081
14662
22266
87645
60865
99949
58399
89563
89516
71411
98609
24548
47439
52896
41734
41778
22058
57089
63582
30578
55782
10652
14361
96541
39530
16774
47446
58818
74719
29901
43943
50646
49663
7180
37746
77753
60176
21286
90024
43737
95271
79471
80876
5339
91988
15103
62946
88122
25687
22875
57585
14489
32654
34415
82786
66229
48363
11763
92280
63136
44187
94816
92255
6279
99534
505
4059
10517
76125
95763
43245
49204
80086
89185
99338
96597
49010
51344
91911
9539
26736
76071
14958
76060
85090
45090
14987
25261
50873
39633
20882
36753
81682
86882
91013
63236
96991
22018
66492
28337
3043
89179
45125
44583
5886
15100
59480
47729
69509
70594
27214
55704
5707
35211
13544
98100
855
89849
92649
37120
34253
3152
39996
73634
17246
57884
88149
86304
41607
8518
59659
55503
19058
38277
34666
36657
6737
29374
74815
76941
52630
2294
37055
15123
49684
3882
42507
67853
32075
15683
28013
55059
2494
73600
76156
56627
30767
7096
54846
97576
59245
85149
21886
35066
10352
51827
53319
74376
94708
7497
52222
74762
28046
78144
9889
71302
33113
17205
53176
29999
33631
41053
80322
76955
54793
4043
2616
11449
11739
50460
47782
38212
57667
80586
45504
15430
53272
65075
51693
42950
45184
33797
70829
42160
87294
500
15326
18220
39946
50640
9389
9370
23628
45191
57558
2948
22061
56125
41447
49356
40219
10540
47267
5394
82319
75892
16022
78795
55239
2680
98686
20546
57906
52232
23356
43825
7630
70284
91059
5154
60056
95908
16924
19770
6930
31276
31609
60996
29478
29600
11826
89365
92577
38923
85636
38540
68788
16664
56745
29057
93731
85144
55302
6128
45111
51021
66098
39961
45601
97003
92154
14909
2995
6053
92444
14825
67300
36893
89141
55198
51327
43801
44440
5724
35658
14771
21165
83305
2441
53790
52221
66821
4192
36087
22653
36958
75719
96848
98632
21672
25407
12477
80586
79320
88537
3410
19164
67863
12408
33065
24934
34124
17202
8679
77831
58435
47816
73004
97363
77136
23632
25541
58146
71142
90651
66641
16309
20613
15222
87653
28952
22413
21117
29292
32310
8209
90422
92299
47813
26362
69088
12187
11432
91788
79548
52898
42537
22005
43342
25847
8120
71909
13645
82947
90574
18243
59222
24038
33016
35380
21385
23801
18502
71210
22846
90520
42701
70149
36390
88471
78524
73893
3083
95653
20886
77879
11176
86564
61229
4534
90816
24025
48529
20538
21939
28731
57861
21245
32684
35896
96707
79508
92663
58254
70451
85653
48467
33263
40156
83440
45109
12749
53433
70471
13958
91819
70800
72321
98800
99629
17078
52227
39007
38853
84949
65873
98005
97511
92184
18948
80736
63913
32945
55163
91967
65052
3153
68849
55335
28480
99078
99525
84656
62310
41125
81707
97836
41063
85605
36330
83975
78276
7154
2433
37487
26954
88642
66405
16549
59681
77960
37815
42459
9436
88654
28078
13122
88493
604
97777
41378
34646
43855
32195
6608
92601
50440
25816
29529
65095
20384
82372
46215
20695
76144
1896
52587
15775
34403
15654
64567
1599
41952
87477
68992
14347
95745
88451
6160
74622
72968
40048
87817
62167
80686
73978
42114
9279
13898
80763
49653
18748
55887
97416
60127
74916
12274
31412
92511
60701
46369
73765
4008
48989
35646
98926
5550
35338
41230
64679
81036
24614
27262
38318
80755
98059
28623
91606
15773
51989
98269
75757
92661
69587
5467
55269
43587
52931
16431
81253
94622
66882
38691
15339
2470
69341
49843
34711
82298
11872
4428
45250
51823
67474
16567
4825
14076
57354
36989
59598
1785
78255
56929
6915
99109
96051
97045
31293
59009
60101
51653
5097
45235
40006
32031
3092
39349
11193
36800
20982
16737
61397
70651
62624
5970
95791
67342
82994
79436
35904
49682
85219
877
91652
95486
68942
70453
94915
28344
37253
58646
36261
56210
34327
20501
27928
30335
14436
72434
7583
1027
34479
81150
17188
82435
94864
85851
74424
37418
9935
81927
46512
48961
26473
47804
51129
59574
20161
37636
57491
93051
11813
69457
50230
82434
62778
1865
85849
92651
10421
57512
39941
78911
23772
89658
94687
67988
53261
5298
53981
13098
47124
48181
70890
73009
87471
24404
65804
68829
48983
79631
72726
37320
298
1476
97993
17711
34982
28364
82299
5736
2263
51779
77629
69387
15106
14613
44668
27985
70368
64512
39700
91454
98870
11810
97318
421
89350
29377
31864
34126
3445
51693
55142
95533
4775
33862
76300
198
46227
30458
4443
84492
66308
33603
18527
67984
79418
83583
97834
77041
15775
7460
89943
84772
85119
71597
79932
49482
12655
74008
19774
21076
47277
89379
75188
70172
67914
82275
94396
10133
7989
595
26008
1906
7601
66478
20722
44602
78872
82432
84041
34650
20014
11825
55764
16027
26915
89744
19418
46350
52649
41469
58601
36558
39458
89396
19154
89195
99074
98057
15217
17960
75460
8805
21281
52483
12275
6161
54113
59543
53906
6046
49714
41441
56428
66254
84486
52428
7878
92278
28071
26161
51829
74936
87989
51860
23267
85915
33180
47497
64441
4465
40135
55967
21275
37520
95591
44114
78577
25168
68551
94998
5491
20997
99029
77181
34279
31981
53452
50081
39649
15356
79759
12179
78297
40826
95647
85659
19762
56374
98351
2547
4909
48386
44583
71464
29329
29167
11018
34971
27072
14341
4096
46076
92349
59936
92221
99586
4520
31520
69281
18521
30726
14470
41893
19735
46609
94634
11196
46910
90443
95814
34151
53101
26901
70838
70443
26249
14551
494
44911
70103
72799
5465
87002
88630
1113
12014
25139
22814
67441
44228
15455
98032
46368
84926
65932
98925
23508
37115
43942
28926
59978
76328
86014
10284
33080
54341
92067
88615
16848
94815
43686
45870
37736
64929
24961
63721
58973
51854
19973
99831
33998
34422
40556
47534
37713
69781
39266
90666
16894
24985
95695
97132
76389
88673
75770
54381
95094
3861
1031
42360
66152
35636
80408
81130
68541
61448
52099
77070
93980
91145
21502
62977
52921
1933
18240
71139
29559
29646
71005
686
15389
54447
69771
92964
68843
39247
15821
86587
1605
88904
14371
69144
48162
34019
51644
25913
92584
53906
4586
3314
18674
23114
9139
81974
58779
61130
87320
12364
23730
96805
66975
81713
84325
78219
64877
33352
13836
18608
61548
32373
1628
49733
66638
78251
19217
55651
84586
68200
80084
73903
54066
69672
72953
21193
16415
22783
1067
80119
17334
47942
44401
28906
39366
40729
21029
25701
26185
7311
86980
88098
60833
12641
47107
15684
49003
50367
97767
13217
62367
52121
38922
47695
28960
94555
27265
25981
93573
48262
19230
29394
55099
42865
63259
34161
69857
60654
9835
51941
40487
821
24506
10767
19562
9806
50353
19132
70895
1553
19988
93054
60637
2627
10758
72592
77833
1187
77871
97414
42573
30199
42087
12560
5723
57115
32112
79001
72431
84912
37946
33920
69944
7326
90699
76707
36037
57771
11807
49268
72729
79546
41592
36265
4603
195
85529
64101
95405
88397
34256
59611
42386
54589
22061
26997
28916
62451
32136
36985
69737
91407
81912
52807
17453
1807
2765
59569
62863
40321
31068
91798
15352
27056
50343
22766
99065
16673
80305
21852
85273
52711
86657
80272
39108
51076
36544
45026
11430
49725
26983
3689
21781
83321
26806
81858
95697
77164
4406
2141
72756
62318
97404
48414
50330
37460
3428
23708
9101
96816
28869
78215
82208
49750
69611
67200
17077
10694
3151
89982
89939
74600
81891
67299
37928
86615
54902
13639
43997
6571
40040
41751
33914
22046
43316
20885
44826
99733
81668
83829
42334
93400
61170
21769
56725
84837
77588
37035
56730
90283
13531
79431
85185
96079
4883
94024
49423
63154
74365
51201
92306
99478
42597
71202
58571
7192
38112
72784
63106
44246
27486
4623
6343
40256
75885
52486
6743
19918
66651
39423
37807
39624
53527
13367
34352
52370
83856
94079
43378
32212
5801
29681
22301
58623
73184
6742
59057
83274
55670
44947
86103
26460
59546
45909
27956
35609
54327
67922
49636
38512
56238
93953
36712
78342
6158
28602
1134
97610
11692
45365
17392
65704
11520
88877
40540
75258
74892
64310
94251
79687
87823
68750
94231
29344
56588
20988
89428
32690
49547
43501
443
80322
44073
48997
69609
10654
81143
99573
10463
29604
38649
75488
54439
79351
11029
47436
41805
71958
40714
94368
63195
21368
28327
94480
20810
88205
61766
6425
51246
74732
1248
67108
22797
32468
11985
56469
74090
58728
3603
27033
95663
84641
3721
59961
81097
21031
66284
86487
19381
48949
89707
95220
63369
22378
71911
72217
21433
13806
51916
16145
40368
70774
94356
27395
35775
65651
29201
82228
29691
69068
49170
46559
63050
13204
86674
4630
1765
63931
27297
6331
82128
81316
44377
21852
52149
15872
8889
78894
74612
39367
66656
17292
48533
49672
75961
29710
24111
27505
52799
30093
64500
69062
58891
70702
7503
33886
20484
73422
62087
42734
5505
32074
44272
99954
92568
30717
94986
53324
15214
87947
64898
51688
9268
77492
97521
40318
9961
26810
94719
73982
45692
95077
6405
63232
44333
72068
97837
98298
8075
88959
44737
60619
68111
10395
64467
70736
35638
35748
20365
53762
9933
66500
87914
20102
30110
37576
20378
59661
23482
64578
42154
20793
66067
55920
60777
88632
26351
96935
13464
56601
78853
83455
98492
6102
6825
52412
77803
70436
90894
22444
24020
56212
48950
88783
43920
5402
48954
6582
40909
17393
25626
26037
96068
8589
37124
16958
25944
28489
68961
31307
78672
89064
52061
18641
71427
92064
94091
65315
35056
23169
51725
15985
894
53463
91777
58813
41114
74060
34897
12455
31843
42948
1352
73316
36553
21977
69843
64175
78675
77440
93588
87073
21228
67252
95468
21244
15862
54089
70674
69545
56419
8975
58253
47409
97818
59425
50156
45204
32579
99453
8272
80599
93072
83452
37226
8499
85822
42376
12501
30160
10835
10113
64533
49691
89736
95276
21151
21882
24343
79225
42077
65180
93470
51983
66028
38195
28770
19419
5978
66159
94947
48615
44243
64405
8274
26802
10334
24676
38220
19564
65924
24372
97221
65032
54931
42420
20674
9917
61027
59306
41664
87737
69285
32738
27905
41597
70430
98981
98742
71004
94170
46494
58384
95126
74458
51132
53757
75505
19352
55507
77533
36841
67226
47136
60552
36512
85822
89603
94939
92855
25968
80125
77478
20347
7001
75899
81841
76750
20708
33346
68374
88931
52380
57021
16286
20548
55531
309
78187
92464
50471
97081
94951
61658
85727
95859
87369
14446
3213
6938
32769
94483
84627
6284
42927
91398
25140
98205
6810
81235
34735
35992
39916
6182
21801
18042
21789
9685
5087
67562
30992
15390
73622
20419
74504
99865
68819
6548
52666
38011
75355
7318
84140
80585
16750
19189
40988
62892
59924
39521
97596
20235
89874
42653
72399
88432
93731
87672
86395
92256
92842
33631
822
24706
77499
22016
11406
48160
39504
96806
37056
39865
59216
7325
57992
28826
52019
7319
79639
52447
61250
65658
67639
71570
27289
51368
31780
83582
23391
85362
64189
92042
86661
8676
23575
30266
70838
19319
85549
86396
12636
4870
96469
63400
5044
66045
4382
57311
34098
16293
77544
89586
30685
79439
25985
16202
6154
12855
97123
74144
38624
57339
53165
35342
78983
67345
80031
45734
2206
91173
51640
7488
15335
23534
56772
25458
98833
80645
80549
37472
95434
69514
16473
79667
17132
87654
31843
19651
40610
92563
92352
28560
60510
36233
40093
54174
70516
65461
6376
69126
1857
78098
5833
81222
53316
87565
95567
68259
99317
29459
89561
55669
66206
76119
96152
83488
86245
13754
37092
69995
92116
84285
27261
54468
57658
69178
13455
91939
65901
42689
77580
5363
22368
51556
94717
18844
82520
76517
2158
60670
70943
62690
37849
88214
96226
65148
49525
41067
54048
31562
19251
70242
3307
18724
1941
88142
6704
38789
83886
60449
49015
81126
3152
840
62255
90385
99462
10716
98460
10657
90151
5771
60751
27091
32951
44288
63629
44907
47914
26631
29364
96552
85707
1348
48441
44002
19235
51089
26931
73391
41669
1532
44846
26062
68672
37031
67604
59157
287
20740
36976
98024
77217
60281
54493
19941
99642
41345
33236
57877
5848
33619
16902
83822
73853
61431
29966
12871
99762
22818
18991
69959
24732
30
37104
12895
66078
61433
10022
86032
75560
44706
6715
22173
69490
72929
99243
69592
19083
63362
67542
29467
40743
42848
31132
13803
22392
86396
93676
5080
53514
81653
81722
71710
91988
96145
77622
81291
122
77255
83399
49171
57604
62703
11546
43163
96082
12653
81675
62699
3529
13953
36142
9354
73867
59253
34249
2422
15699
70937
32200
98170
45436
35655
66214
59909
10971
85762
15052
47159
93554
33913
61957
64095
13514
50726
40646
21826
75085
90492
43442
33404
18037
373
48965
6888
39153
70781
5383
40990
60467
80524
2586
9400
42667
19142
61025
64188
29370
11378
23079
24938
81330
69564
94050
16215
65370
32871
68645
47286
29491
53323
48273
95365
84937
38125
13175
95560
47489
63209
50593
12754
19156
15861
40186
49735
48383
42578
38223
82928
41250
44260
24420
42270
67864
91406
19058
14173
89993
15011
82238
14449
91248
18839
43418
7957
73613
74609
34490
28076
2689
36986
60482
58729
43213
7188
20940
91394
39000
40346
63046
86814
41244
95882
2293
24930
60363
54322
807
65492
68314
3083
10643
82359
30342
17416
22598
63462
94683
78944
99646
49849
67212
16079
59654
32723
61119
45533
49413
77235
96026
95198
2149
11617
59033
50667
75845
80165
8757
8291
84960
28646
91947
28615
93230
94509
5231
33712
96838
6508
42108
36765
91797
614
79595
68214
79217
98542
87061
15031
53951
63542
31496
8429
18071
90466
88303
17779
54339
37076
31144
77041
76577
78805
48894
59220
43974
97220
18625
60509
80954
76861
94046
36601
87718
2758
23742
35758
63825
36512
31353
95809
61290
5614
51935
62534
43443
90477
49402
96260
12447
20716
24718
3063
15984
88935
88431
50347
75540
42807
14759
95589
281
89786
89311
65621
26992
99983
67092
89375
92137
50741
88331
75458
93470
63440
31085
18288
32698
98280
74866
76214
57413
63228
25698
60363
30338
94396
33142
92515
19543
71145
15098
30559
91707
7590
22577
9779
24193
24523
62009
36429
82618
38459
12697
26686
96842
60310
6427
51031
92999
86441
69437
90158
55124
61164
4751
8427
84135
1157
90313
4212
27834
97947
25308
25123
7518
81346
56872
45863
14377
31365
19399
58645
1199
78001
20454
76622
18777
12705
58404
14148
79766
48879
8993
89578
30506
5192
47309
4034
78396
42311
95038
98489
15208
99940
77377
88306
6663
49443
22232
87017
42723
45306
12791
47869
10975
60549
91814
28145
37235
74855
54316
7503
2158
75918
30288
47695
57626
80822
15700
68384
50345
48891
52275
85640
57948
42400
46639
12538
8354
59787
31905
26935
5295
73132
31695
21140
98489
86146
52604
58874
26514
32302
13548
33430
72098
81214
49625
76335
62934
9441
26618
43861
16885
1981
88122
65668
41992
1668
61069
53593
17171
96028
48948
77061
86140
20784
20187
97532
68415
83630
22268
93649
12080
61103
85678
68451
79303
81031
21990
3353
20971
35445
56916
87769
85803
83039
39147
81856
58645
7424
30901
77188
66517
23784
6979
70605
90087
13040
54312
24827
59824
70840
70233
12480
13346
51613
52458
38854
8989
50098
55904
33681
44303
65718
69164
80423
27663
77545
10651
46128
83900
49102
13475
61098
63089
58694
58008
45414
279
77146
19409
99678
99986
46288
23139
23768
30182
8013
46016
5287
39441
59746
61910
8469
77834
5998
62853
99797
93190
16376
9908
74675
63657
98932
99966
29136
1925
11515
48795
73103
28571
32953
81188
23738
2314
8874
18874
16246
67189
14169
57377
18943
94522
70006
64024
12035
95115
98410
45115
14659
51759
24551
34579
2474
87776
28407
43058
38185
29611
7181
87551
48010
39
92882
41507
98445
7874
38209
14527
31929
73502
71025
58925
63864
46579
61135
11146
50781
64139
3313
18962
34239
10877
92622
464
40819
97385
98291
78716
41546
49351
53816
34401
39015
38145
78494
70191
79015
46816
18339
18066
83041
32039
60146
48598
21132
78887
72079
9070
32476
16180
68202
20714
69881
95043
94150
17014
72686
55598
98511
52822
63827
57378
62816
55523
988
48901
36658
36575
90316
79721
81790
20052
30288
33384
23334
54288
72254
17823
70791
31989
17818
59926
72537
24264
67519
19273
43234
79334
56736
9864
49631
17562
6031
54905
64530
14538
99052
54870
39231
38848
10514
31854
18660
83279
52444
59543
22501
87536
13840
7332
91403
74270
76450
92177
65462
2653
9003
16498
21536
7239
5729
1529
12935
11118
10869
26356
9629
64316
71253
59038
89949
32384
11624
3927
83381
54690
38443
91489
27820
76461
74734
91547
14751
14417
45344
14970
37131
20368
81958
86571
58548
88062
88797
34405
4391
7721
46499
896
11279
48849
70573
31455
13956
66395
97384
88883
18200
10120
35236
72129
93773
71433
67356
2102
73371
41412
1685
19199
96200
56061
66551
41146
93711
89921
37129
71847
52222
86932
97275
71470
88781
43862
71211
74979
39355
24014
72825
73329
76435
86349
41326
39588
59938
88612
78394
66085
37695
28430
64147
65089
53104
16118
5354
2771
9480
49584
96267
97282
75458
59433
96666
26329
23059
3343
1958
73855
92195
54513
71593
48374
7298
76289
31705
79446
36189
27676
15614
61401
69182
3384
77888
38418
73545
79664
21633
37498
34524
41026
70580
58561
5724
90236
50325
41497
80420
66153
54650
64095
61014
43696
42460
38055
28111
77846
78297
60317
73717
92103
79201
97631
47753
62967
29347
88789
20958
2754
33679
5412
1767
32783
63461
84623
1520
38938
98748
83973
30743
75501
55131
97820
5326
50338
72690
95725
60405
46483
18964
72085
14036
8417
9572
34532
79940
30194
20245
63245
60365
34307
50967
57693
96937
80684
9601
52173
33094
60712
90706
37664
13871
33856
35921
21972
42037
82892
98770
69017
35371
86169
34964
17051
26151
72237
94123
77344
98585
43273
58115
20829
73554
10459
29914
20245
45724
5598
2031
21642
62199
81593
21076
21657
7351
17743
51795
58449
44585
61155
85291
96577
56495
60242
16697
57987
85146
22297
78045
25764
57092
61519
46478
40046
84110
49832
777
51830
84240
77792
67652
35869
44242
83631
3079
15946
98453
73291
90116
78053
10043
35803
70930
49752
3852
91208
80845
92475
31442
61469
80175
63310
45571
46600
88767
48002
69579
30764
5558
13978
63645
88214
93898
80154
65156
38602
80079
74425
45807
88319
71742
52964
42044
21612
48213
58331
73390
20123
28304
16312
29887
53184
67625
34277
87879
47958
63091
98609
56281
77864
41478
11551
38000
73271
92577
77779
98083
40099
59575
60553
90062
82574
65514
80705
23994
70134
83961
47548
92132
90610
82507
65146
7471
10481
5866
93216
12367
87789
16690
84439
14930
6409
84491
11962
37425
98295
5281
11567
96456
66617
4331
76041
74128
6637
10033
14243
41718
89389
71600
15189
66317
3276
69083
37933
10093
66650
88725
15666
40311
69276
34154
62055
10740
13577
74796
88381
15779
61854
90217
85188
81683
3950
75450
62088
35376
94446
16908
62617
5960
37616
40041
39964
52129
29897
8484
19751
34414
97084
18445
37218
45902
71877
33861
78042
73645
46960
87338
66525
78769
15027
8423
42812
42431
91276
30081
95230
72054
59033
98621
26993
62633
3489
43896
84987
64262
22543
84387
37860
90294
86531
57621
87894
48627
48537
69460
28814
52057
83437
56747
13116
74789
19516
13483
50751
6321
24658
70885
90946
10703
2739
84178
13796
19373
37
11621
53665
87656
63277
83314
17411
99823
45144
76771
70302
62813
91950
77529
63403
65798
25818
25579
22527
92372
96348
94443
73262
22677
12653
93383
22818
61783
93714
62686
27803
60482
82048
78939
35294
59164
22854
69839
89055
82544
59792
20572
59320
96886
46265
69515
681
59822
94563
69754
95322
99617
32395
67697
67037
77404
61335
81989
48210
39319
14891
76080
23915
62457
61460
32038
72150
70964
17448
41571
66835
86900
54139
22028
61908
30216
61128
50967
74143
73714
66126
89487
4537
59878
45596
78341
17086
34090
68757
33551
82827
91626
60440
16968
67489
6986
58971
88842
1666
50876
91736
55307
69560
56202
78924
14022
17149
26869
47440
1546
48355
31510
32302
81335
15996
28803
70126
64124
74627
54056
14987
42951
17036
61012
44019
75724
70401
98321
51561
62719
56033
87933
36421
69668
24762
97209
48156
29152
21192
91717
86878
77264
72543
22239
36374
57112
97123
43323
25415
83490
70767
2173
31553
94914
16108
40396
47012
44356
34418
33080
64468
69798
57590
12575
8990
10878
73070
80659
55516
55385
15940
47427
95170
51078
5838
45929
94327
76021
29347
40052
42028
85306
37843
51705
96921
76128
27028
63617
92142
70941
35861
11331
36051
98522
2334
49883
15013
64150
38247
86993
25740
37485
5405
31055
86307
5727
48142
79751
1808
30311
94534
52136
57870
19255
22742
56169
23870
1068
77987
53316
84848
35943
45430
27286
12451
64273
54112
83208
49111
63579
96533
56447
56125
18528
40458
80015
58667
71734
32484
47884
7187
84860
30756
82651
25825
9834
84237
18238
73667
80200
85842
61927
85280
87552
10340
64509
9519
4449
4872
84492
7854
17114
98898
86241
3427
82500
7131
18641
45801
20561
3668
45038
822
70670
88639
48695
91659
62550
17247
19942
98014
5276
21550
75219
78587
3836
21388
24092
67769
31846
83661
65739
62165
67621
42731
72822
13636
4158
60840
57622
14473
88376
24911
20004
87182
47234
99315
80657
18950
29791
74657
73176
188
93555
74515
57153
80601
51809
38279
32120
97923
95236
62011
73609
652
17294
5435
32162
31400
48656
49237
46422
90862
18763
17373
23818
39885
50861
20924
16773
36565
98663
18091
54363
22043
86663
38619
16355
93584
29781
46804
97976
13147
42090
45022
20344
60113
19669
8952
84094
49280
53907
14082
64458
60515
80869
4739
72355
53949
62734
50840
90954
27154
95533
249
73497
9690
81535
78747
40912
47969
68311
28210
35714
18450
62107
17875
38839
10943
23939
38822
72151
98191
20326
39307
62213
4196
7425
94346
30228
87731
8361
50994
74253
75361
35525
59946
22488
91823
40990
35957
23851
96667
24834
41253
81021
25726
32504
89110
80216
60272
14182
32856
17169
93104
49137
62218
7432
64177
40411
53821
64458
94471
14370
80159
45560
96332
47952
85033
20639
88372
96521
2333
15283
66625
60607
35081
6770
22148
84553
47849
56490
88759
30397
46307
24036
56053
11354
69857
15169
30213
29450
304
45779
91321
51036
21098
53106
42375
98400
45385
2516
97718
1295
80169
86646
41266
18364
8797
76782
33478
26039
80363
89924
64851
31237
44586
64299
54714
70777
70625
25031
94283
12312
95151
10698
58304
18098
52384
54092
18327
6484
92961
49674
7160
13347
96288
63715
60749
42400
19255
52809
14294
85016
67536
36957
15561
10469
9762
65741
66222
25711
96475
47051
6415
92785
32683
99315
19376
74395
20220
45048
83011
71923
83850
60491
98657
83315
62749
19402
64062
58207
87343
12975
63718
47003
3511
87661
6824
23110
41357
49006
91328
39881
50720
42629
79103
35870
75581
2774
98147
24382
92549
12604
46418
41800
56768
55087
60768
84090
66299
36051
32624
998
20827
90027
12013
14473
30871
12456
62362
53131
14231
50047
94392
55682
2525
19390
19860
34604
24010
89980
62929
33889
33361
25991
54103
72442
99652
85213
22919
57194
13721
19864
38588
72789
30264
69534
91057
73344
1576
8145
76768
88344
84440
66616
57641
34999
74032
87895
3774
36244
23772
38716
93128
85691
13581
23229
19713
74576
79965
73453
86549
88630
39053
43824
71237
17899
53902
98516
4715
82298
8605
13014
69856
26267
24712
69719
60386
46640
79162
58168
29218
85888
55102
78895
23285
83928
79329
4973
48590
35032
84997
95633
88461
92796
44392
78028
85620
29286
9009
94760
58969
13477
49113
99798
5757
60809
87432
99327
80354
42531
67718
53371
45384
59467
79870
1058
85170
94385
77378
61073
66844
12605
93374
73473
60234
68812
64367
6440
10541
40857
17421
83513
83108
48787
67007
65206
56955
39967
22665
24219
12457
3150
94543
28234
37053
47028
27089
14019
25119
81609
16793
26883
36325
1255
3142
87990
95643
76873
44644
97554
36405
5972
19826
86613
17467
86719
71454
31253
54593
81358
74739
17183
43559
8532
95580
40304
42475
16812
83478
62707
65536
82127
53502
43325
32036
33588
78245
93327
92587
32817
87401
88756
87239
78004
60459
13105
51128
37341
81885
49031
71132
9477
2296
21230
35879
56386
37277
23637
92217
3789
43374
9079
1921
59204
71981
32811
68482
10390
16109
58459
47427
54269
40227
48308
38276
84108
46076
41338
1936
63570
40604
92015
98321
6808
45460
44326
39779
53579
14700
71344
26101
49242
16761
32966
79747
93503
23476
18181
174
85223
28999
91713
74751
50632
81802
24462
57742
85937
32578
5527
72053
95491
86727
21489
36975
96790
42354
5874
42100
90
45859
54742
19903
41889
92310
88683
90467
73103
18450
24498
57437
44721
46153
23046
84447
25362
2367
95119
72750
51393
2830
7939
24106
40747
24817
16999
94425
81077
62094
22306
41995
26853
85360
13221
71901
57338
97667
71086
20655
53461
24128
16951
5235
95675
12232
87499
49092
23561
89797
5628
46723
4419
80915
97752
25018
86486
54218
80800
50372
42928
16956
57613
14526
57235
22421
64068
5691
57505
63052
1264
85812
48744
12350
36575
76120
59044
13156
19993
88218
14322
22829
65499
23239
37594
18551
39853
35364
73684
22352
57960
92373
37565
27262
45779
62440
39980
97314
7768
60539
65353
50871
47632
53325
2368
75438
4102
75877
95118
41249
4196
24074
65121
42975
52087
9989
761
92766
23865
18670
29892
7919
88375
16259
47559
15174
80462
27759
35429
58760
59566
27297
51736
35620
42731
33091
30781
51358
33304
89682
28000
95010
61445
63397
31435
36234
77302
80642
34082
33908
17926
7496
68910
94786
44910
53500
3314
90485
66242
45565
80715
55501
63201
83417
45091
18439
55186
57762
88778
21464
34214
6833
64968
51268
55354
43322
478
85592
43583
52667
56831
46597
47038
65204
59818
91099
37680
81074
79711
74924
35419
82160
85510
24039
59583
48565
1678
82263
87686
25896
6020
43759
84458
22131
22857
58525
83066
16687
78667
79346
17764
82527
36073
98602
99199
54255
55825
5915
26644
15815
26882
79901
93281
7689
89091
38396
47392
52335
16605
54344
40530
80693
56087
53407
94929
1289
18843
243
39037
37666
21856
28439
91575
37374
4112
2195
13649
45666
82076
99411
99640
12578
74637
99119
97029
92595
7794
63867
49414
88582
31727
47838
99642
47348
86058
45827
42238
40058
74766
40777
20096
66286
38
9366
72126
27361
25068
9618
61063
49776
23267
52138
4769
41904
28324
77439
73625
41429
49502
40448
20811
44053
62344
31516
90236
51212
95850
52469
39323
38119
61632
84349
51656
51355
32297
3076
82307
11096
56453
33597
65688
10060
65637
54591
18797
24911
62384
25865
52070
37828
1538
64074
76221
4139
60748
43325
88015
52239
63648
4688
93193
8927
2390
83677
75335
27054
29825
69723
72243
36925
29261
22923
97522
74369
30704
72858
76515
11753
91879
95189
88856
89797
56594
44757
64910
29134
66324
49985
81948
83980
55966
70590
46592
70239
84347
75820
70416
39516
42024
53748
98063
29452
19186
11871
8296
51042
63517
85696
35313
60189
4022
99595
17950
51089
92751
41399
11741
77040
34221
52304
43404
67515
99604
97696
22614
41728
5355
89188
34510
92105
15402
99129
75438
43527
45838
48265
38710
63388
55424
12192
29033
11224
34119
78936
4869
32838
1833
47227
44600
90494
68541
88562
33681
75186
15940
83672
47888
38184
11851
92551
60193
19018
68116
84823
86702
11939
64526
58116
13660
79423
18412
96642
22298
30092
97575
34419
14264
68904
25370
22891
72706
1562
53765
58519
68783
85701
28254
85367
40682
18161
46752
80450
27479
50121
20638
39307
55166
88082
78070
93591
23420
75032
67223
68658
1594
42068
55068
29802
83335
43639
94246
95380
22410
80935
92468
35402
47542
3704
71170
91764
80037
91582
96084
10713
71426
66286
98725
47156
88665
21501
52562
93618
97062
36721
50705
24221
75857
8171
95818
78742
69756
97096
2901
77921
17087
41367
25634
70994
38767
76973
77727
58455
16043
55410
21035
61618
29112
94506
60749
94384
71302
58862
45247
34706
60109
96000
20726
47825
40521
9051
17672
52576
89475
53467
22650
71039
72783
73124
37666
80957
52656
62441
2986
25285
58018
14713
56996
54210
46867
41079
80415
98158
48668
76466
28597
97013
48442
9830
99158
50577
77445
89251
64458
47976
26821
32751
19397
99175
48407
5046
97218
92069
12206
13214
84711
80286
22573
13576
77027
51859
21542
16016
83744
26577
42314
95355
47615
39881
3401
50787
76065
31476
24877
24101
2676
91072
44607
93799
73963
52500
28785
97010
80721
13931
27528
79729
95433
63960
45491
14721
62519
57109
76871
28862
43817
16051
53133
14915
64676
58236
47333
88525
9971
63908
32709
52506
89707
44478
42111
13599
80782
97467
22472
78336
65898
30591
20220
96441
86059
41237
39792
3528
67770
69596
67801
83722
3766
98289
96579
25837
40817
97209
4477
35773
70674
71734
49178
57735
82017
64720
81088
20180
60190
88355
71400
84615
52277
56367
5405
30450
45018
3768
10585
29359
84099
82166
74710
50949
81304
99394
77076
94751
63086
91253
66425
71081
28397
73623
37422
14071
10830
75600
81501
65164
6678
25635
44202
76682
32739
76522
23164
65581
24839
36051
37848
40172
94033
29338
23617
12084
89510
25958
57501
81935
47049
11435
21695
63325
91591
35444
78812
76643
49418
48030
10552
86748
59955
30049
67722
80844
36424
16870
42543
42982
15259
18152
90114
19854
54623
58072
1492
13537
63899
80583
16702
83550
69003
6736
83235
48131
67498
90861
36944
51583
10464
38328
71205
80196
51215
40795
36228
77871
26816
3701
63353
9114
45590
65056
96105
91008
33210
80507
62607
76453
19940
67358
19542
93586
84924
80195
37867
41091
59776
50824
27114
95972
51337
19047
35458
57486
8739
754
96151
72750
33348
22993
90662
60661
26691
29308
71045
28539
3870
73622
14710
25626
59333
91820
64600
25094
24466
6046
32407
11733
80952
52422
70687
9391
54579
14552
65242
55766
46474
46153
40061
56718
31377
28539
37631
58905
47193
75950
65105
37635
22356
18430
86019
91819
75812
70284
93255
1902
25988
56230
22021
70830
98187
74421
71855
5913
47934
30818
43952
9647
43812
36240
59365
84988
58824
88298
36351
468
76047
43439
9905
29327
13555
83202
24427
90778
60796
8426
93895
63855
34363
37711
55971
50094
56979
58639
57132
42953
83912
7651
19013
92772
91089
29978
23842
5736
61923
88628
58537
76422
69937
48974
65474
2689
86788
6911
3194
69416
57069
27485
50581
35666
25746
71562
37247
59044
46074
73397
91050
72827
82763
23245
79421
6227
57792
31753
20720
34872
15575
24597
90804
76501
4797
61777
91642
53454
26707
45795
56268
54441
57376
45109
74892
9098
65764
17155
45435
6759
60090
96294
49151
10763
2815
33489
12533
86393
72083
26530
96675
91288
25635
95696
95869
98093
85440
81540
40038
64758
86734
59566
23844
51444
55532
17970
64255
90158
45587
75742
50065
30985
88686
28155
56443
835
42944
84285
11549
97722
57699
57129
7261
44365
63531
50482
77039
11875
35148
71704
33687
57097
41879
95589
95544
9580
49694
6367
41457
75927
68071
77508
83630
75360
63976
16842
33017
2321
69424
55600
29990
80394
52443
45093
65781
84916
24926
47716
77307
46465
23302
16493
5123
57057
47983
31869
4085
24700
56038
87795
51372
29523
18672
36732
68426
89952
79643
51270
92614
5986
14652
71991
71434
92780
74790
90879
59981
64387
13951
18854
15054
70825
40296
15765
13607
46523
27245
30926
36776
37359
94398
81964
66921
23701
88839
85448
71864
30076
49098
81660
93416
42406
80743
89003
99477
50118
75478
84872
77145
23435
25035
72195
90887
852
49102
66264
51591
93119
36898
714
95877
59408
79058
42944
28874
202
80058
95833
30812
7967
63670
63791
83072
50699
58503
38714
14370
8269
92808
83030
82197
81646
64424
30364
27580
13841
16512
32749
4719
75552
18636
39822
63786
5536
40877
58671
37386
75176
47356
73852
37241
24688
47982
4374
54622
29156
38647
44620
70783
12543
78835
30369
49483
12502
35786
9220
25794
54742
65442
20398
78869
17424
66034
8299
80204
43247
45796
54979
68999
16604
8743
67897
88383
59194
91864
51626
86586
32764
67889
4094
85747
58744
71745
50040
9859
94738
86732
23315
27288
25273
88567
93952
67082
7029
61812
73528
79295
70597
5293
2382
45026
17668
59100
77971
8868
92619
62491
84025
92242
66596
37866
45153
41677
14184
96053
31509
9315
13288
67055
24470
28582
63146
16538
46867
5167
53204
69311
47445
72390
30163
59661
42496
5587
40148
86431
1501
30763
14026
74866
82681
5119
41140
32780
16046
16300
69191
42115
92887
91066
57217
51002
36694
83090
1827
74004
43287
140
85335
20208
14209
44962
24352
44845
86470
82913
8585
71150
57062
84885
53061
19076
99608
81950
77784
60323
77899
98319
21179
13865
69785
17739
81893
47359
97548
56942
39758
96059
28869
27623
91206
98596
3092
42314
59236
25647
84468
18659
16492
14429
51572
92257
32821
34470
20472
40021
1864
68751
3542
85518
16208
66605
41043
70743
60895
20592
64911
86021
20160
66141
58360
13218
76980
54369
4155
55109
79503
93879
88562
95672
97263
12942
20427
37266
56129
29141
46829
55386
81587
26058
52007
24707
42227
9597
4754
53403
97328
1172
49643
90101
96309
63197
63705
98459
38404
82173
62782
14248
61389
53673
6648
87870
94166
81419
5946
96848
13093
1152
76242
21426
8061
7817
62459
52922
38976
24409
20949
21064
51257
63397
25022
94960
17831
94061
34212
738
5023
36773
15329
52827
93670
18590
58913
20178
79522
58135
43926
77211
21525
87651
38133
48461
68466
8649
19504
84728
1576
97104
56586
63409
59946
98154
23097
12310
37203
36137
60257
55891
80768
92897
19461
49997
62144
82475
5673
41363
21662
3420
40122
52294
42326
1061
57486
20981
72126
65763
76210
68468
67912
39250
49490
48746
43007
54624
35294
25421
87458
65071
55587
23509
85840
41160
1856
79178
77182
49424
15658
71118
56839
35904
27949
21864
9851
87163
15626
94510
91447
66357
32090
65566
32080
66512
383
779
70096
42568
40927
76125
40673
45442
51299
18701
43493
25414
57685
74142
65178
32828
86926
11799
87804
34929
98500
77587
66273
26454
90352
30604
5741
76438
40628
8416
15377
55021
11279
13320
56134
77988
60978
47693
72544
40206
18948
88693
82754
59548
23447
27777
10411
90424
40477
6131
73538
41579
75430
67679
18759
16860
61172
72638
94109
83470
38541
2472
25118
19997
77977
29479
4723
56586
59827
27158
31560
5527
46535
6287
83761
92957
29940
74313
14844
8466
69713
44801
41777
35216
75939
76278
20787
37660
83333
66592
28985
28596
9669
30052
81195
10459
1063
62475
71054
12365
50523
78389
2670
34917
28520
72590
52114
78720
86407
57849
32970
70479
6085
46318
68113
97390
44855
11941
73332
37518
97111
88754
12111
82529
33366
32849
44251
75079
76780
96574
95056
59869
40612
40364
42340
64978
54039
44425
37610
39250
39953
39693
8648
89619
33004
9534
8726
81123
48575
10117
6525
23209
29603
69655
64854
81908
18049
72920
80894
87412
47698
42511
32336
39892
80001
59421
23677
13267
16652
15939
99266
18327
25442
45779
37240
56321
4295
61376
8404
46997
71699
90271
1157
48076
18408
55196
31042
66629
10315
42028
26630
54934
36961
56188
71171
42428
3779
75971
3785
73351
84065
23342
51346
49651
5245
57084
13003
41202
41698
97224
97777
72243
71240
96444
26780
61256
95299
79558
38406
12923
94159
14982
64931
88984
46202
83485
97773
79927
82319
2057
71481
17162
98132
80892
3541
77353
54933
36341
4522
12643
93940
6264
66134
9745
64562
82772
65095
9603
4602
10242
33407
19059
61781
31509
91174
67267
21921
14508
55302
29456
2519
85419
32130
61248
99453
29466
32220
95618
29026
6464
34306
91442
47095
91458
89780
82049
93295
81619
98665
59100
68534
33677
35241
9272
19339
44246
96568
16026
29108
60468
45310
88673
79216
51014
5867
19544
16481
43025
92315
59863
89577
11631
39894
12220
71173
90749
60475
3527
97973
25939
52606
97290
25096
89130
50304
29902
86717
79990
61519
55126
97404
91604
63137
930
13743
45406
5490
23256
73557
12969
34843
31975
50435
40010
13158
98357
60224
99041
46074
56227
44201
7050
26026
32627
97041
5537
69372
44752
69683
57401
84014
31180
96237
65068
94810
1456
18990
53380
62421
253
92052
73906
278
3683
90095
81643
96461
92401
60332
84408
139
81888
52365
9522
29676
77314
87093
65387
44768
55458
54620
5244
14188
32166
98499
94873
82558
2158
93289
76996
71507
83822
46185
20449
87866
4820
9865
76026
25761
48061
51738
94653
77851
15815
93441
16622
70294
33779
26567
58298
35500
16090
36973
35935
53712
67584
37590
89563
60987
10070
29770
97309
71368
31003
64200
98359
69753
86095
67787
7519
78717
26781
29606
80713
49384
88875
74079
17193
93505
26806
41806
71579
19413
22244
11210
76326
86565
33804
61459
64776
80173
69554
37433
12327
61253
16618
8887
53856
38897
56982
46561
81307
42588
21678
21841
30022
38184
32093
54688
21378
74862
92339
31727
59697
46968
63493
30984
2925
91687
45453
63745
52578
15844
1167
89284
35513
52255
27531
36057
20150
80721
36145
11228
77970
28662
84993
20696
43296
58218
42772
85801
16234
19398
78788
76078
92229
28242
48890
34456
73552
81957
60588
1655
64597
49272
76405
80852
69184
69528
87753
89887
45689
87317
13396
77426
50170
92545
59963
1965
86242
54740
26075
38549
31304
20670
7010
37442
29770
84071
24741
50378
7678
3867
33662
51131
39359
34319
56705
46113
98851
88564
41736
61272
71424
62158
25055
6636
79136
48469
96397
58016
29888
31174
48390
10475
7403
44151
91198
58577
25245
61799
22946
16739
60644
34961
47823
36984
85488
1974
13447
16194
80194
89260
89228
21288
41895
80046
12521
37648
14383
2363
89585
4038
84957
91151
68029
76458
56422
48819
31309
84597
3759
9131
74239
8068
91385
76710
95950
65326
68561
85612
1860
26907
57898
74946
49546
91301
95599
17514
58170
13169
32350
85934
33631
28507
24764
9594
76988
18741
33793
98945
16495
44692
44291
38070
25399
79859
40978
16070
24233
27698
4883
33490
83180
38153
76749
65677
4462
84549
52641
20407
91166
18629
95787
86958
28704
84318
97234
75395
17012
47368
72434
71457
50281
31029
43091
41598
25082
96631
92669
87497
76509
65633
69743
1217
92678
2939
59739
70224
47406
11566
39636
4522
5883
51837
29683
16551
61944
91860
47007
51202
13485
40950
54386
93728
17582
93374
69677
23935
19258
8009
44109
53205
38676
61888
32536
1044
45722
34509
75026
49171
22791
53819
21573
86706
9536
9783
46055
66956
29730
2877
38892
63929
63252
19139
69489
55740
8202
93079
50441
15230
61014
18626
53123
41770
39039
87327
58017
68027
35988
17872
12743
21623
29685
13842
80028
67338
93799
13995
40806
24219
19913
11246
22094
23473
10035
12117
17227
87151
23678
70374
80164
84393
77821
27944
39407
93118
99658
88529
92660
24476
25134
55660
67638
84048
90520
8118
64745
32508
37403
90754
89706
40883
56780
2398
56156
41826
95159
65633
62382
49069
48653
66012
49277
53882
76917
3134
46721
18804
66667
81104
79746
81264
80252
84972
21043
56846
62264
20503
35723
28291
80360
45898
61494
72885
7933
97226
25694
58401
22123
17393
32039
86331
23710
99913
24843
31007
98415
98572
91961
69576
71541
29499
32340
28307
15194
42343
52149
22094
87817
45226
98075
89245
88958
26062
53889
78815
43314
88315
24472
31991
63275
67732
67474
91718
91381
87375
83396
30811
80910
22889
54963
53876
44637
60135
10659
14811
56938
29044
16833
89125
83976
8115
10022
39437
70493
82501
15966
98005
4644
36989
37739
64728
65614
58793
658
3856
58708
17968
13260
4972
85749
65937
66792
44592
94587
62002
25730
71044
61542
54405
54101
80175
51116
63903
1134
72439
17684
48505
61488
55383
4105
33196
43104
71159
22676
40117
98288
24517
82556
45716
79737
96286
82498
27687
59575
6746
58458
71765
58837
40594
400
41991
19904
21352
37507
16155
20775
84142
18822
14323
39675
35716
17204
18189
48540
50485
41425
72198
61321
56508
70128
98501
8788
20753
10499
54436
76466
69027
58460
37039
85531
91655
40345
77445
87280
23709
85105
98564
21354
11205
66917
75721
99192
38587
16264
15424
72733
82874
32487
86478
85250
84254
95236
45121
63287
79373
94169
19754
30244
57385
63259
90144
77437
17843
39224
70591
31870
19127
22773
7347
36646
12072
69876
70102
45718
26135
67830
2678
38448
37462
99964
78242
6598
44819
95508
96979
92905
64755
69277
86249
76978
49072
49968
53981
83234
16763
35569
90593
28712
63221
78325
22122
68167
41465
76240
12328
63719
3018
45248
33364
38575
98041
15863
28172
36951
79652
47477
35109
72940
25401
55864
67804
97729
25836
59296
49538
40348
22022
27153
51045
23743
25001
28474
62644
79973
7353
75471
30759
83412
70066
80973
49447
79617
30196
90392
17043
93564
15254
45548
83513
74091
14595
6836
5494
64184
91255
23381
56208
89617
39256
14268
87280
81133
16728
44444
8902
69003
6145
26604
96183
55789
54782
12464
11571
53650
40804
12062
79167
75257
7025
27077
48306
49684
84431
48953
19428
97860
82556
91415
77471
32327
49716
78825
86605
50708
39344
61630
46525
13739
2232
56369
71350
39243
80920
18068
76806
75596
22001
79016
21347
90906
81621
81427
94324
95273
32333
87269
57144
74933
69498
13733
14658
76813
86824
24145
18351
49446
31452
90695
65573
51936
56357
89289
41162
55033
28271
69704
33292
82675
29408
32969
38824
74694
70928
93819
45524
42529
17368
68934
48886
24639
79725
66210
65658
19434
49161
49505
93901
71374
70737
799
89594
98744
61373
96102
86875
9311
91282
19237
57768
88007
10468
58347
92665
98559
23289
91956
13247
8225
87175
18499
6140
83049
12241
16003
30028
46091
69105
44045
67988
78372
77184
78333
22959
20720
42382
77830
96145
77636
11345
47076
32607
9717
41964
30485
45724
8373
68908
65727
55219
3437
66120
5677
86120
34511
10184
92464
27523
49606
58314
84905
33363
74050
37657
35750
28458
12699
10355
38307
13608
38388
32108
9094
54047
82074
69660
78993
99815
8506
26772
8389
10719
98611
35918
61933
4435
10425
41564
32753
49773
70414
85635
95296
80948
83233
66956
86179
20229
5588
12321
79629
64447
11025
98120
85910
77578
77597
82635
61796
16813
14567
40063
70185
65048
97169
27226
9454
18784
24502
18927
86279
60244
10433
75137
50876
66443
91154
12471
95636
93584
85930
53024
61759
2800
89437
3872
10114
36482
64266
113
3273
43492
88635
35778
76424
54631
20080
54833
95674
46201
15063
62809
99694
79761
48797
78828
51454
19922
13529
2942
91299
47528
60772
96335
33923
62573
69088
85360
34795
1132
83176
72586
60482
94685
66197
60512
34970
80924
4911
88593
17963
99152
93215
64581
3907
40864
38657
96167
49704
57829
19372
1633
50495
42656
74294
4301
24035
18916
65868
30710
47101
85943
45076
22010
26723
44146
44074
12138
65582
82251
40102
36188
57028
63909
47295
19652
54166
27883
63748
30107
22701
73348
84607
48686
90012
49102
47747
83884
9767
10055
62950
42591
2496
5758
71622
34423
56804
36520
24713
94134
64950
86393
20368
57050
43747
25569
24288
4399
2537
29920
62612
20246
68808
503
32222
24951
24837
39030
85466
15283
27274
72639
47593
83908
53148
34184
71716
4129
33994
77944
10021
1019
98174
44839
95901
12192
46596
49060
60520
21942
90356
62084
17063
73934
59433
56815
10557
10020
20076
6847
16971
76179
5758
11870
64324
2567
51953
97125
67191
65761
42018
40249
9415
31236
88559
96705
63593
41980
85089
44204
24287
23881
35523
42424
53549
62233
23701
80627
47359
84325
11718
23326
73136
1837
17764
50087
7334
46880
23645
55628
40706
22538
12761
82497
50314
32848
9809
15005
76706
93364
70532
32819
65638
55982
20547
87934
2284
91175
30265
98776
76313
79108
26677
85679
66351
32143
46968
21564
44039
78925
30074
77370
47795
20579
85292
74368
91415
24853
85310
76703
94910
67505
15208
22515
54460
77919
66113
35277
82440
87187
91609
9108
69519
39336
33010
95042
28955
47911
81420
40370
86422
8672
59772
44271
53490
77188
49585
27477
18844
44610
21914
65393
5384
29098
83909
87594
13553
39121
40368
53141
99748
82390
56672
87339
65877
24913
43929
47312
22813
45925
26790
78181
56227
28676
44639
74228
1594
97186
84388
82113
41825
76322
13220
66119
50788
86725
94575
57848
38636
62770
76808
70028
11950
87756
23338
2202
64936
83496
36692
24958
9887
8079
66070
61791
99831
43230
24862
80617
93771
59197
98077
83673
58924
39013
63586
84588
56690
15397
65030
62340
58130
60569
54966
58482
74732
78263
29269
91951
75540
38924
13290
78646
75127
90847
8049
93922
86706
35143
70667
42382
78428
60500
7833
61332
51566
96995
56740
74011
69546
46101
775
73906
7556
88706
18666
57623
81146
67041
80695
1594
87338
50100
46269
64731
91838
87947
21285
54246
58166
60133
45188
66638
5789
95569
82086
35851
34018
62459
35135
56895
21057
70056
15786
57569
67514
25871
39012
79308
66837
92243
29288
35707
63122
84106
5975
70635
17699
50511
21186
40073
41348
84791
47572
98790
94925
69582
44762
4929
58237
89705
26418
25761
58601
5555
50349
5407
19716
37391
55238
78612
63493
39406
31860
81541
34633
46749
14028
38240
54682
97322
84744
80730
66220
90182
30120
75196
98452
71046
46752
72701
42933
89296
40546
72192
30536
32194
77982
4716
73111
7031
56530
47059
29569
43532
90910
10600
75509
53834
83166
65325
75240
10852
87809
59839
54980
35123
94497
94975
21035
83098
21589
52046
25909
15458
42636
83359
46909
28884
40791
71415
77445
49396
66062
70318
41133
83543
24954
50616
9351
704
840
21766
81430
57365
84049
69881
45925
49059
96492
88899
95123
32649
88347
41966
33002
41705
37164
34473
88100
13192
38767
18114
85641
10694
42059
25916
174
75439
57266
13003
67834
93905
40008
21741
52800
73358
34629
70409
81747
68327
54108
70872
13167
43260
46742
63222
86181
62340
99692
33132
15679
13547
62552
92260
34832
11971
78593
26780
87920
85523
28115
91408
115
61873
13061
81984
29663
32577
49167
26404
66112
25557
54386
62341
78938
32540
19697
50204
36879
79934
95650
48101
75599
62657
68070
43646
41025
66733
85842
30529
53368
68536
8454
35929
56479
62373
38202
26673
39352
55264
28010
80082
70500
7631
90090
66201
96851
94063
81595
60712
68680
98246
31911
91080
58864
96356
81248
87017
21857
14731
91066
33188
10362
23543
12804
89662
7904
88588
22786
50676
35085
60877
69055
44909
72853
13324
9032
24729
73137
43680
55021
9903
52374
7023
90590
50313
50443
7841
74183
85187
467
70985
13359
27999
60650
41845
87038
76715
99793
45286
45435
6688
71826
97740
59059
28309
79615
44534
34674
90130
69367
93578
75510
91046
16851
36111
3400
70107
84932
70609
57520
30354
12510
84136
29218
1903
43761
98292
65200
82008
58302
4801
51609
71959
92898
83180
50128
14314
92499
11825
96709
79981
45557
51657
65945
54986
48414
11852
93701
20206
71174
85264
20443
71440
51127
46450
38406
99948
72183
81266
74799
38095
59585
30337
23805
67240
43872
85428
23726
18231
62356
93373
426
10828
14329
79670
20128
63850
95391
44336
19891
13513
7133
47902
50721
29324
12555
7372
13949
49139
6560
88076
49194
62558
44770
78130
39712
44520
10358
34829
86517
84656
72936
65441
62660
86671
8926
52769
3704
43808
53444
26638
67619
2975
35902
60816
82815
1467
55302
37550
3551
43438
36341
43581
34271
6507
71815
11515
65591
78580
91716
13242
19732
57851
51839
33988
19776
42815
6029
38273
24628
41152
75552
70878
30589
98094
95244
66425
38706
9325
87278
37608
77622
56115
17678
4050
26081
95160
53975
20043
48642
85428
11352
28384
22276
78872
70715
31797
64859
25387
68680
21444
85236
64777
43300
96920
64431
18236
53681
69919
64404
2179
62725
22660
88481
10138
3466
53399
71026
922
61602
43693
33630
68455
33901
27814
1036
91483
3179
14189
30811
65121
22888
58554
20011
78928
66053
59169
21685
68254
27843
57047
66289
99869
38328
64676
44345
24456
36067
47821
17024
47977
22743
85322
58981
45370
35943
79794
73236
5503
90890
57164
51242
23134
1223
60903
39121
75569
44676
37144
75055
96608
60957
36022
20897
76647
11235
21746
9388
8985
51442
69795
46502
67271
71616
36036
63891
11672
34571
32452
27412
16979
58912
99598
1013
37031
72740
24220
80810
15029
47412
1148
39415
8142
94340
49873
3967
91932
1237
6450
22542
20873
97733
36469
80762
85531
47280
76055
72983
32510
10880
59047
28443
67871
90842
21381
83063
74195
29130
13322
29754
27885
72653
16220
38662
51117
22153
42643
85424
1293
37969
73872
72159
98007
99214
91193
55943
65580
29840
14649
13014
92176
18610
51647
85876
42353
49205
1328
66600
84920
94998
3362
36805
41254
20405
93615
10821
37758
23833
91817
3016
41715
63342
75723
6359
47460
42447
15873
55342
48186
75121
43921
45434
93338
2513
95643
22300
16347
70008
30829
47810
49205
60733
79101
88724
78788
16078
14931
12949
37879
61416
96456
81121
15947
73112
20357
30610
19975
26036
76915
54165
54231
72098
40708
64062
82442
20060
94366
62674
19010
81231
46720
58121
11455
45975
75893
67311
50411
69176
11871
64747
85687
96486
88191
20659
40583
16558
8382
33482
27229
10630
48107
86168
79900
28553
74069
14918
54394
63421
92023
10418
30419
68483
40128
62273
27661
65674
37276
9352
6046
42280
43747
53071
56496
68895
77959
54910
61385
78086
49650
28470
43337
58757
73083
54103
21528
57095
79456
37828
46571
95116
7170
90015
48248
29284
87140
69035
55958
74877
22099
25400
82129
19301
32642
17485
53684
64832
97602
2747
74143
24464
93808
60137
4055
92214
18070
46720
20831
85755
1438
13705
59017
22740
45982
57672
98718
91645
66206
65386
4542
20799
52328
47140
3433
47349
83977
96101
36130
14822
53988
26314
42011
94685
90713
65759
16837
43091
40851
92817
48228
71121
6226
43993
23038
71156
95387
89756
52976
9025
61403
20252
24987
18694
50592
49227
76228
37838
18289
69849
63787
25807
53128
38656
87102
81560
40828
58783
92452
79408
28687
4755
2614
7873
10271
68709
61489
71238
79587
16201
8439
97402
9554
37319
36763
57875
30790
13338
34347
69466
75558
78699
48216
29810
71671
50559
38778
55223
21313
24987
61276
4546
34683
30961
43130
94344
77881
36834
76551
98082
30835
16408
66908
300
22653
79300
68024
26741
4278
71143
52327
36154
54728
98610
8087
74999
94859
26117
14745
85948
61659
18736
5375
96096
93890
82497
50020
3780
83452
63476
15266
24766
84661
2062
22991
32805
37682
89421
17658
20744
55947
53542
46604
26522
57751
2495
60465
658
65802
53245
7921
57940
63030
77817
52618
45663
18933
48950
75720
73764
94051
2063
20404
40728
353
5014
39765
83375
65887
53548
88144
40341
98336
87520
64541
20278
66517
78343
12070
78942
70714
57436
95479
16222
96701
85680
30859
81241
69176
12676
1984
81667
96704
68421
2322
33814
19911
425
40315
27711
65161
21343
90621
20511
77452
45518
47982
71921
63512
59710
67817
48788
11596
40343
86824
3703
18140
92197
12052
94547
88131
31364
15525
97515
95463
28623
90197
47623
52569
55393
32959
90145
74456
91497
42673
46614
437
58841
56104
21280
9528
99912
93117
3410
75218
76241
24086
40310
77785
87601
94289
24532
26317
18570
39849
40181
11213
31233
79911
62178
1629
18904
32178
20452
17903
8653
79376
47008
59251
35558
53195
49579
93417
29504
44020
16181
47374
669
77325
31337
69349
66657
11930
25007
35193
75942
65837
427
44480
90455
37240
59132
54418
5295
78437
34382
48115
93625
78899
46458
78688
25907
65914
31577
48720
34950
10344
22395
26357
28117
30051
40176
97093
45267
12101
40405
10694
99389
59211
61370
63784
28910
60377
41496
32366
4654
7377
79374
45808
91986
37522
36401
57786
69242
36708
6390
16110
292
92176
19644
56680
87663
38770
18787
50594
42974
94475
63125
78490
474
25891
73686
15130
76247
43522
68668
28767
21935
71203
5035
62001
78065
84301
89308
17319
57235
10384
27409
34719
97039
44240
53451
78692
23752
86297
21648
73022
29765
56662
89485
4977
86957
25752
57324
93691
32310
9098
84450
10209
37046
57795
82032
58530
32615
40208
40218
78910
28145
27783
44857
19468
87137
68951
71197
60757
51629
16077
31008
33150
43856
78094
84728
76766
86300
49770
99165
80405
14776
27507
21067
81634
1479
25228
52714
66336
2535
62553
32777
75200
54354
48174
69230
27747
74358
64694
36510
79237
14874
48170
74046
56464
72156
20288
78029
5012
96021
45866
63379
13453
8989
60423
66056
88701
70151
90192
41269
75732
20612
94321
66886
61351
45727
88357
10495
52733
37633
75843
12707
96716
37702
414
18164
47190
10401
64113
61740
78291
79817
49798
16145
12955
67124
6134
12461
50092
38852
63007
3555
60064
67368
45077
46898
97200
52306
89890
25543
56907
48297
18088
71040
4780
97249
89571
71732
70339
22470
22933
73982
38688
82290
3010
79127
75899
98989
23432
98693
94546
82134
70469
46198
10366
67160
27919
17807
56156
56712
12261
50220
92243
58015
92694
76665
723
34694
46651
95830
47942
12678
4669
65923
99411
96490
95157
58726
2523
4181
20744
93561
58009
48988
2211
35201
54247
8167
40906
73869
37153
57717
56517
92511
82282
1766
41628
78396
67763
39508
57272
5805
56797
46890
74937
58262
86304
45414
811
62792
49317
21082
91663
28045
56149
20722
79233
85415
40375
98418
54582
44424
49987
45001
41554
46744
78867
96820
24662
61469
77276
36708
30343
72431
95480
32730
89605
47981
89110
25444
77733
60121
64120
13332
38634
9721
62550
64844
94959
72120
73051
84194
50952
54732
8450
68961
308
90951
63913
23237
18178
817
54648
42550
61381
35051
56299
36025
53784
64463
35875
58120
96599
59456
41023
91270
38192
12664
44987
57780
49842
68950
3122
97324
61166
85977
77176
2262
39139
5832
68129
26709
24556
68318
84987
39842
11024
15381
5076
53739
99426
48827
49598
71516
8677
75474
6157
88689
67643
88437
26172
18765
89398
66963
55083
99130
28576
10544
65890
80185
13879
73692
53093
75061
54935
37786
62838
10040
40725
94860
91686
62071
69843
15808
51878
51212
37173
26578
89224
6568
11315
35422
98923
43459
89722
98508
25979
6340
37811
45889
74969
10388
99532
26244
83631
77464
28439
28878
56068
69275
74768
69675
64919
71139
15796
14512
46765
32684
80998
91393
6990
18888
98139
84145
41849
19582
49759
8791
45155
11937
664
9235
37396
37808
58800
27342
54687
96870
43179
85921
4735
25338
22268
3696
97139
99538
68206
49099
13250
56192
14187
4196
6633
87765
57114
69464
69298
47998
38850
88598
46263
52778
19100
96195
84097
45002
54886
98952
17177
79239
46461
78410
36727
20583
42023
52211
91398
26955
67562
44717
77788
34786
67810
85312
95652
38374
95534
43901
54611
93894
51824
75222
38697
24560
78843
54211
44962
1135
23648
31474
46260
68127
39242
52769
62859
34778
78606
46650
69944
97013
61006
18167
80983
80986
99753
6253
42213
21167
33924
31579
76219
46512
99911
35109
84467
43448
8069
71894
31882
1964
19034
6226
78859
18779
38951
73079
17683
29094
56251
57483
45639
23672
93237
7706
2549
31190
65100
76307
64259
21959
84491
64763
94439
26087
80650
60290
85512
53673
25983
12977
51243
87080
73257
99573
17503
41411
72022
87902
76545
22083
45725
20059
26873
14469
82225
78605
32751
3950
91735
72872
71976
70708
40488
6143
78826
36833
78181
36347
91806
81641
74059
18370
71794
70364
75259
27496
82577
701
17746
45144
52084
65556
51758
91435
87220
70601
42904
23995
71986
56089
91002
3219
61313
92251
95828
33986
14706
58529
91319
35790
42926
18009
44173
79266
1021
63764
57504
2148
15248
72124
11427
26542
87750
83441
11747
98342
52611
38234
94226
48989
34227
29865
37775
51274
19046
81476
91582
50040
6600
70415
32542
93302
9525
94259
23507
50705
29847
33453
33016
15062
82280
60784
14010
41726
73149
41394
1621
60103
20608
62856
24385
58899
38712
90740
21867
83865
58346
4429
53942
67739
68563
57820
58949
14609
84535
27213
49357
85125
55643
92763
41767
56534
94963
27012
56242
90444
80774
54745
52141
878
39207
43013
69520
4788
70862
55226
36725
64343
51821
71230
90643
25832
87555
85933
65247
4269
85331
3290
70126
61278
4041
30057
27227
10512
8145
55684
87340
47629
39039
93136
21300
13096
15031
21539
17850
27805
65243
5744
21758
12109
56346
88994
94078
1329
6491
43343
77893
58686
42758
60666
92545
32232
54159
71295
23532
47964
67556
1554
98005
29785
84271
23009
56355
99033
72274
61106
84762
27230
81658
3159
21010
30411
72303
7123
21344
88506
88661
51140
97772
30977
87016
91575
42315
37573
64983
86135
74367
35266
63498
41187
70485
71647
91512
10232
73291
5967
93697
73661
75671
67562
53337
65922
83350
45489
9755
82729
91498
44434
5950
95758
27680
55397
50296
78986
96810
19021
66591
15798
22866
90084
53197
48653
3981
12089
48842
7608
40737
11590
71844
14080
16258
35421
1709
90592
86377
47708
93743
91789
94715
77666
43960
24611
50863
29324
23450
25439
227
4703
95344
62616
13085
89474
90522
30328
49899
80648
63720
95564
31728
16150
17764
52509
28748
60985
11462
48299
50259
36556
56102
64992
52033
26926
54869
34703
86728
8763
89764
49543
75661
13824
24537
20776
74140
83149
26871
17660
95557
74474
94261
90867
54224
52641
46457
71549
95788
71121
77461
99083
61355
24869
88398
58392
98746
41808
98743
50936
62407
64048
49812
99305
8612
97967
30953
30288
85555
68384
48621
90646
97211
27232
89979
66382
51463
75604
61812
99320
30098
81374
64114
69498
93639
37603
16815
5482
60854
42510
65657
2192
72127
81658
66281
39607
83290
44507
67204
4792
98049
39052
93820
54152
60516
55213
92799
314
41449
19125
12113
65758
15830
33340
94808
24446
82090
9789
57438
40348
45123
67412
59304
88342
3322
89967
70382
26699
75716
95886
71101
57733
92813
4882
50400
5187
27250
46796
15485
41623
16107
26102
83611
91832
44932
22575
60859
92035
55247
54319
65514
19409
23707
15132
98904
93521
19419
1799
6121
97526
93804
33215
39907
75940
83790
62071
73402
79897
4072
95921
74143
30448
35505
51433
7912
47707
56151
70192
62265
57214
59204
10309
89694
71796
91162
10129
90760
54064
93446
11088
6623
33165
46048
97788
21731
81187
79363
39876
20085
36524
28544
20379
31151
45730
42522
26658
97389
33040
95671
3798
40109
51713
57520
65932
89252
92173
71823
71237
8824
33114
30316
28045
64420
1862
8602
81560
38566
13079
8739
32119
53768
16051
28664
24033
4157
60299
80177
46551
64752
6183
79821
78967
25418
25148
16769
13679
17575
43977
6883
98137
31084
93278
38382
75268
98831
25605
50980
69865
62471
47075
58277
36547
15862
13080
4081
11263
13510
10464
58628
62303
32900
36982
68847
63994
58511
195
82012
8659
70184
87968
67024
97959
86630
4917
40617
54055
78828
27629
2525
44387
10975
64234
46943
72520
22105
86503
3026
78426
53646
48442
98039
8681
61883
60919
44235
88788
3296
65695
59175
7093
23618
79991
43074
82888
90538
13712
91118
24373
83033
80475
45186
93602
45100
16305
84688
31491
99001
56109
80449
20181
78969
91043
40949
76700
42076
17692
9113
8084
46491
52612
93074
50969
45797
37836
100000
85718
968
79132
17514
24691
80691
56021
119
53553
29430
93934
16004
95900
37348
60366
75011
11525
36930
75830
6430
99924
40718
80920
44803
78752
32535
49679
19011
89243
32350
42217
2839
99433
19802
50953
25360
51280
98386
48606
15626
54051
13523
88958
93342
909
71977
20583
55422
41377
35916
52876
37784
20553
29906
82097
53087
42557
1831
94594
89140
37388
9508
65966
36130
18505
17978
50186
35952
1011
12250
37111
17371
51187
90035
74209
55197
77724
44656
23241
6090
10798
25036
77510
44124
34458
99611
4652
79173
90562
18011
85025
64856
69415
95419
20994
45722
13526
93546
6581
43337
85903
61418
65373
20240
29112
7913
36793
74514
78870
82631
45260
2978
97014
31199
86389
90954
82832
15089
35554
34217
46908
34208
42735
86276
47345
17249
48983
90868
70114
16515
52408
59932
43301
72305
66283
15748
64694
80545
29869
77130
41350
69329
55504
61884
38661
53585
42922
56794
35111
8818
22454
30269
59805
39335
85992
61664
54109
95413
97441
84409
82616
44772
21221
40829
68921
78799
59696
45600
77988
42154
41154
49065
578
46617
33836
4428
9368
49717
44277
14510
56370
38343
59866
41773
4989
65967
7424
63218
29020
26062
19736
10450
76689
27551
89594
91421
78330
93030
9639
31133
64396
169
49882
53752
81840
38063
83991
12379
64353
163
72794
6403
10444
42567
59195
36118
25726
66208
84855
4282
84202
98655
94153
37332
45007
91953
90410
31877
47579
65147
57506
47901
64433
24398
95379
14125
28902
12552
30443
86712
6213
91502
66205
74923
16767
52460
56452
6111
50767
44030
7630
44579
92132
82238
24027
85473
55663
19403
1582
71357
57937
70913
51726
6982
42784
72473
1318
26644
53636
37760
92038
17113
1860
61993
17812
52647
25521
38338
48454
75635
16690
6076
45784
57362
38767
4279
61528
25829
72034
92478
30397
60440
53678
3213
26225
74215
90769
4317
30015
4786
28969
76510
62244
